0    109
1600    1
1635    1
1636    2
1637    6
1638    58
1639    28
1640    4
1641    1
1642    1
1643    1
1648    1
1654    1
1705    1
3271    1
3276    6
3277    95
3278    1
3280    1
3289    1
4910    1
4912    1
4913    3
4915    71
4916    6
4917    1
4918    1
6549    1
6550    1
6551    3
6552    7
6553    22
6554    51
6555    3
6556    2
6557    1
6558    1
6561    1
8192    96
9814    1
9826    2
9827    1
9828    1
9829    2
9830    58
9831    19
9832    2
9833    1
9840    1
9842    1
11456    1
11467    1
11468    6
11469    109
11470    2
11492    1
11493    1
13106    5
13107    67
13108    6
13109    3
14665    1
14722    1
14741    1
14742    2
14743    1
14744    8
14745    32
14746    59
14747    5
14748    3
14749    1
14753    1
14760    1
