0    103
1603    1
1636    4
1637    4
1638    60
1639    24
1640    3
1641    1
1646    2
1656    1
1678    1
1683    1
3273    1
3275    1
3276    5
3277    84
3278    4
3279    3
3281    1
4913    1
4914    2
4915    80
4916    4
4917    2
6527    1
6543    1
6549    2
6550    2
6551    1
6552    6
6553    24
6554    54
6557    1
6558    1
6560    1
6568    1
8192    99
9735    1
9824    1
9826    1
9827    2
9829    5
9830    48
9831    32
9832    3
9834    3
9835    1
9842    1
9847    1
9850    1
9867    1
11463    1
11467    1
11468    3
11469    88
11470    2
11472    1
11476    1
13105    2
13106    3
13107    100
13108    4
13109    2
14740    1
14742    1
14743    2
14744    4
14745    24
14746    64
14747    2
14748    2
14749    1
14750    2
14752    1
