0    41
546    39
547    2
1089    1
1091    1
1092    29
1093    6
1094    1
1095    1
1098    1
1628    1
1635    1
1637    1
1638    22
1639    6
1640    2
1643    1
2180    1
2183    1
2184    10
2185    14
2186    3
2629    1
2728    1
2729    3
2730    6
2731    16
2732    2
2733    1
2734    1
3275    1
3276    3
3277    34
3278    1
3822    1
3823    31
4369    40
4914    2
4915    28
4920    1
5452    1
5458    2
5460    3
5461    23
5462    3
5463    1
5468    1
6005    2
6007    14
6008    8
6009    2
6011    1
6012    1
6549    1
6553    5
6554    15
6555    2
6556    1
6563    1
7099    5
7100    17
7101    1
7104    1
7646    27
8192    34
8737    1
8738    34
9282    1
9284    22
9285    4
9294    1
9828    2
9830    23
9831    11
9832    2
9833    1
9843    1
10374    1
10375    1
10376    9
10377    12
10378    4
10380    1
10382    1
10918    1
10921    1
10922    4
10923    30
10924    4
10925    1
11468    2
11469    33
11471    1
11519    1
12015    33
12561    25
13105    1
13107    25
13108    3
13652    3
13653    19
13654    2
13655    2
13659    1
13671    1
14193    1
14194    1
14198    4
14199    14
14200    15
14727    1
14738    1
14743    1
14744    1
14745    9
14746    16
14748    1
14765    1
14772    1
15291    2
15292    31
15294    1
15311    1
15820    1
15835    1
15838    39
15842    1
15897    1
