0    93
1635    1
1636    3
1637    7
1638    58
1639    24
1640    2
1641    3
1644    1
1645    1
1650    1
1656    1
2962    1
3235    1
3268    1
3274    2
3276    3
3277    93
3278    2
3280    1
4905    1
4910    1
4912    1
4914    4
4915    98
4916    3
4917    2
4918    1
4919    1
6443    1
6542    1
6545    1
6547    2
6549    2
6550    1
6551    1
6552    6
6553    19
6554    65
6555    7
6556    1
6557    3
6559    1
6570    1
8192    115
9826    1
9827    1
9828    1
9829    4
9830    59
9831    26
9832    1
9852    1
11466    1
11467    4
11468    1
11469    88
11470    2
11471    2
11472    1
13100    1
13102    1
13103    1
13106    3
13107    76
13108    2
13110    1
13141    1
14740    1
14743    1
14744    2
14745    19
14746    53
14747    3
14748    3
14761    1
