0    654
1067    1
1078    1
1082    1
1083    1
1085    2
1086    2
1088    2
1089    6
1090    9
1091    20
1092    494
1093    85
1094    11
1095    3
1096    2
1097    1
1098    4
1099    1
1100    3
1103    1
1109    1
1174    1
1329    1
2066    1
2134    1
2172    1
2176    1
2178    1
2179    2
2180    1
2181    4
2182    9
2183    32
2184    239
2185    313
2186    23
2187    12
2188    6
2190    2
2191    3
2192    1
2196    2
2198    1
2202    1
2259    1
3271    1
3272    3
3273    1
3274    1
3275    11
3276    40
3277    602
3278    12
3279    4
3280    1
3281    2
3283    1
3286    1
3288    1
3320    1
3400    1
3420    1
4347    1
4363    1
4368    3
4369    648
4370    5
4371    1
5386    1
5419    1
5437    1
5448    1
5450    1
5452    1
5453    1
5456    2
5457    1
5458    6
5459    14
5460    35
5461    437
5462    127
5463    17
5464    4
5465    2
5466    1
5467    2
5470    1
5473    1
5490    1
5508    1
6486    1
6528    1
6533    1
6534    1
6537    1
6544    4
6548    1
6549    5
6550    5
6551    7
6552    24
6553    165
6554    380
6555    42
6556    9
6557    8
6558    4
6559    1
6560    2
6561    2
6563    1
6565    1
6568    2
6570    1
6577    1
6584    1
7640    1
7642    3
7643    2
7644    5
7645    15
7646    666
7647    13
7648    2
7649    1
7651    2
7884    1
8712    1
8732    1
8733    2
8734    1
8735    3
8736    4
8737    7
8738    635
8739    12
8740    2
8741    1
8748    1
8751    2
9751    1
9789    1
9800    1
9814    1
9818    1
9819    1
9820    1
9822    1
9823    2
9825    1
9826    4
9827    5
9828    13
9829    31
9830    400
9831    136
9832    22
9833    3
9834    5
9835    3
9836    1
9837    2
9840    1
9842    1
9845    1
9848    1
9880    1
9886    1
9906    1
10033    1
10874    1
10895    1
10902    1
10903    1
10904    1
10911    1
10912    2
10913    1
10914    1
10915    1
10916    2
10917    1
10918    2
10919    3
10920    7
10921    12
10922    107
10923    490
10924    30
10925    6
10926    5
10927    5
10928    1
10935    1
10939    1
10976    1
12010    1
12013    1
12014    5
12015    652
12016    1
12017    1
12019    1
12042    1
13037    1
13089    1
13103    1
13104    3
13105    6
13106    16
13107    564
13108    33
13109    7
13110    1
13111    2
13112    2
13114    1
13117    1
13118    2
13137    1
13146    1
13194    1
13601    1
14147    2
14184    1
14186    1
14187    1
14188    1
14190    1
14192    3
14193    2
14194    3
14195    5
14196    7
14197    13
14198    35
14199    282
14200    235
14201    25
14202    14
14203    2
14204    3
14205    6
14207    2
14208    2
14210    1
14211    1
14212    4
14214    1
14218    1
14223    1
14245    1
14387    1
14545    1
15266    1
15276    1
15283    1
15286    1
15287    2
15288    2
15289    10
15290    9
15291    73
15292    537
15293    19
15294    8
15295    10
15296    2
15297    1
15298    2
15299    3
15302    2
15314    1
