0.0    103
0.29986572265625    1
0.2999267578125    4
0.29998779296875    4
0.300048828125    60
0.30010986328125    24
0.39837646484375    3
0.39935302734375    1
0.39971923828125    2
0.3997802734375    1
0.39984130859375    1
0.39990234375    1
0.39996337890625    1
0.4000244140625    1
0.40020751953125    5
0.4002685546875    84
0.400390625    4
0.40087890625    3
0.5    1
0.59417724609375    1
0.599609375    2
0.5997314453125    80
0.59979248046875    4
0.59991455078125    2
0.5999755859375    1
0.60003662109375    1
0.60009765625    2
0.6002197265625    2
0.60028076171875    1
0.6007080078125    6
0.60101318359375    24
0.6011962890625    54
0.60223388671875    1
0.69964599609375    1
0.69989013671875    1
0.699951171875    1
0.70001220703125    99
0.7000732421875    1
0.7001953125    1
0.700439453125    1
0.79986572265625    2
0.7999267578125    5
0.79998779296875    48
0.800048828125    32
0.80010986328125    3
0.899658203125    3
0.8997802734375    1
0.89984130859375    1
0.89990234375    1
0.89996337890625    1
0.9000244140625    1
0.90008544921875    1
0.900146484375    1
0.90020751953125    3
0.9002685546875    88
0.900390625    2
0.09783935546875    1
0.099853515625    1
0.09991455078125    2
0.0999755859375    3
0.10003662109375    100
0.10009765625    4
0.10015869140625    2
0.1004638671875    1
0.10107421875    1
0.1024169921875    2
0.10272216796875    4
0.19976806640625    24
0.19989013671875    64
0.199951171875    2
0.20001220703125    2
0.2000732421875    1
0.20013427734375    2
0.20025634765625    1
