0.0    654
0.26531982421875    1
0.26629638671875    1
0.2666015625    1
0.26666259765625    1
0.2667236328125    2
0.26678466796875    2
0.3287353515625    2
0.33074951171875    6
0.33184814453125    9
0.33251953125    20
0.3326416015625    494
0.332763671875    85
0.33282470703125    11
0.3330078125    3
0.33306884765625    2
0.3331298828125    1
0.33319091796875    4
0.333251953125    1
0.33331298828125    3
0.3333740234375    1
0.33343505859375    1
0.33349609375    1
0.33355712890625    1
0.3336181640625    1
0.33367919921875    1
0.3338623046875    1
0.33404541015625    1
0.3350830078125    1
0.336181640625    2
0.3958740234375    1
0.3984375    4
0.39874267578125    9
0.3988037109375    32
0.39898681640625    239
0.3994140625    313
0.399658203125    23
0.39971923828125    12
0.3997802734375    6
0.39984130859375    2
0.39990234375    3
0.39996337890625    1
0.4000244140625    2
0.40008544921875    1
0.400146484375    1
0.40020751953125    1
0.4002685546875    1
0.40032958984375    3
0.400390625    1
0.40045166015625    1
0.40057373046875    11
0.40069580078125    40
0.40087890625    602
0.4010009765625    12
0.40142822265625    4
0.40185546875    1
0.46630859375    2
0.4664306640625    1
0.46649169921875    1
0.466552734375    1
0.46661376953125    1
0.4666748046875    1
0.46673583984375    1
0.466796875    1
0.46685791015625    1
0.46697998046875    3
0.481201171875    648
0.53173828125    5
0.532958984375    1
0.53302001953125    1
0.5330810546875    1
0.53314208984375    1
0.533203125    1
0.53326416015625    1
0.5333251953125    1
0.53338623046875    1
0.533447265625    2
0.53350830078125    1
0.533935546875    6
0.53411865234375    14
0.59515380859375    35
0.59747314453125    437
0.59814453125    127
0.5989990234375    17
0.5992431640625    4
0.59930419921875    2
0.599365234375    1
0.5994873046875    2
0.59954833984375    1
0.59967041015625    1
0.5997314453125    1
0.59979248046875    1
0.599853515625    1
0.59991455078125    1
0.5999755859375    1
0.60003662109375    1
0.60009765625    1
0.60015869140625    4
0.6002197265625    1
0.60028076171875    5
0.600341796875    5
0.60040283203125    7
0.6005859375    24
0.6007080078125    165
0.60089111328125    380
0.60107421875    42
0.60302734375    9
0.6033935546875    8
0.6046142578125    4
0.61236572265625    1
0.6636962890625    2
0.66497802734375    2
0.6654052734375    1
0.66546630859375    1
0.66552734375    2
0.66595458984375    1
0.666015625    1
0.66607666015625    1
0.6661376953125    1
0.66619873046875    3
0.666259765625    2
0.66632080078125    5
0.6663818359375    15
0.66644287109375    666
0.66650390625    13
0.66656494140625    2
0.6666259765625    1
0.66668701171875    2
0.666748046875    1
0.66680908203125    1
0.6668701171875    1
0.66693115234375    2
0.6669921875    1
0.66741943359375    3
0.66766357421875    4
0.669921875    7
0.7330322265625    635
0.73321533203125    12
0.7332763671875    2
0.73333740234375    1
0.7333984375    1
0.73345947265625    2
0.73358154296875    1
0.7349853515625    1
0.79571533203125    1
0.79888916015625    1
0.79974365234375    1
0.7998046875    1
0.79986572265625    1
0.7999267578125    1
0.79998779296875    2
0.800048828125    1
0.80010986328125    4
0.8001708984375    5
0.80023193359375    13
0.80029296875    31
0.8004150390625    400
0.80059814453125    136
0.8006591796875    22
0.80181884765625    3
0.8023681640625    5
0.8052978515625    3
0.83013916015625    1
0.86346435546875    2
0.86572265625    1
0.8658447265625    1
0.86590576171875    1
0.865966796875    1
0.8660888671875    1
0.8662109375    1
0.86627197265625    1
0.8663330078125    1
0.86639404296875    1
0.866455078125    1
0.86651611328125    1
0.8665771484375    1
0.86663818359375    1
0.86669921875    1
0.86676025390625    2
0.8668212890625    1
0.86688232421875    1
0.866943359375    1
0.86700439453125    2
0.86712646484375    1
0.8671875    2
0.8673095703125    3
0.86737060546875    7
0.867431640625    12
0.8675537109375    107
0.8677978515625    490
0.86810302734375    30
0.86944580078125    6
0.87811279296875    5
0.88775634765625    5
0.9317626953125    1
0.932373046875    1
0.93280029296875    1
0.9329833984375    1
0.93304443359375    1
0.93310546875    1
0.93316650390625    5
0.9332275390625    652
0.93328857421875    1
0.933349609375    1
0.93341064453125    1
0.9334716796875    1
0.93353271484375    1
0.93359375    1
0.93365478515625    1
0.9337158203125    3
0.93377685546875    6
0.9339599609375    16
0.9346923828125    564
0.06512451171875    33
0.0657958984375    7
0.0660400390625    1
0.06610107421875    2
0.06622314453125    2
0.0662841796875    1
0.06640625    1
0.06646728515625    2
0.0665283203125    1
0.06658935546875    1
0.066650390625    1
0.06671142578125    1
0.0667724609375    2
0.06683349609375    1
0.06689453125    1
0.06695556640625    1
0.0670166015625    1
0.06707763671875    1
0.067138671875    3
0.06732177734375    2
0.06768798828125    3
0.0716552734375    5
0.08111572265625    7
0.1260986328125    13
0.1302490234375    35
0.132568359375    282
0.1328125    235
0.1329345703125    25
0.13299560546875    14
0.133056640625    2
0.13311767578125    3
0.1331787109375    6
0.13323974609375    2
0.13330078125    2
0.13336181640625    1
0.1334228515625    1
0.13348388671875    4
0.133544921875    1
0.1336669921875    1
0.13372802734375    1
0.1337890625    1
0.134033203125    1
0.1341552734375    1
0.1343994140625    1
0.13787841796875    1
0.19964599609375    1
0.19970703125    1
0.19976806640625    2
0.1998291015625    2
0.19989013671875    10
0.199951171875    9
0.20001220703125    73
0.2000732421875    537
0.20013427734375    19
0.2001953125    8
0.20025634765625    10
0.20037841796875    2
0.2005615234375    1
0.20068359375    2
0.20263671875    3
0.20751953125    2
0.208740234375    1
