0.0    93
0.29937744140625    1
0.2996826171875    3
0.2998046875    7
0.2999267578125    58
0.29998779296875    24
0.300048828125    2
0.30010986328125    3
0.3001708984375    1
0.30023193359375    1
0.39324951171875    1
0.3992919921875    1
0.39947509765625    1
0.39959716796875    1
0.39971923828125    1
0.3997802734375    2
0.39984130859375    3
0.39990234375    93
0.39996337890625    2
0.4000244140625    1
0.40008544921875    1
0.400146484375    1
0.40020751953125    1
0.40032958984375    4
0.4010009765625    98
0.5    3
0.5997314453125    2
0.59979248046875    1
0.599853515625    1
0.59991455078125    1
0.5999755859375    1
0.60003662109375    1
0.60009765625    2
0.601318359375    2
0.6998291015625    1
0.69989013671875    1
0.699951171875    6
0.70001220703125    19
0.7000732421875    65
0.70013427734375    7
0.7001953125    1
0.799560546875    3
0.7996826171875    1
0.79974365234375    1
0.7999267578125    115
0.79998779296875    1
0.800048828125    1
0.8001708984375    1
0.80206298828125    4
0.899658203125    59
0.89984130859375    26
0.89990234375    1
0.89996337890625    1
0.9000244140625    1
0.90008544921875    4
0.900146484375    1
0.90093994140625    88
0.09979248046875    2
0.099853515625    2
0.09991455078125    1
0.0999755859375    1
0.10003662109375    1
0.10009765625    1
0.10015869140625    3
0.100341796875    76
0.10040283203125    2
0.1007080078125    1
0.10107421875    1
0.1807861328125    1
0.19744873046875    1
0.199462890625    2
0.1998291015625    19
0.199951171875    53
0.20001220703125    3
0.2000732421875    3
0.2001953125    1
