0    161
668    1
670    1
675    1
679    2
680    1
681    7
682    32
683    112
684    7
685    1
689    1
708    1
1315    1
1347    1
1351    1
1357    1
1362    1
1363    2
1364    9
1365    107
1366    30
1367    4
1368    2
1369    1
1370    1
1373    1
1387    1
1411    1
2048    172
2699    1
2722    1
2726    2
2727    1
2728    4
2729    4
2730    33
2731    115
2732    6
2733    3
2735    1
2737    1
2757    1
3409    4
3410    1
3411    1
3412    7
3413    119
3414    24
3415    5
3416    1
3418    1
