0    1641
609    1
646    1
648    2
654    1
656    1
661    1
664    1
665    1
667    1
669    1
670    1
671    2
672    1
675    3
676    1
677    9
678    5
679    17
680    15
681    48
682    264
683    1118
684    75
685    22
686    11
687    1
688    3
689    2
690    2
691    2
692    2
693    1
694    1
695    2
696    1
698    1
700    1
701    2
704    1
705    1
706    1
707    1
712    1
724    1
765    1
1235    1
1275    1
1311    1
1316    1
1328    1
1329    1
1331    1
1333    1
1342    2
1346    1
1349    2
1352    1
1354    3
1355    2
1356    2
1357    3
1358    1
1359    2
1360    3
1361    11
1362    12
1363    24
1364    73
1365    1192
1366    291
1367    43
1368    21
1369    7
1370    10
1371    2
1372    3
1373    3
1374    3
1375    2
1376    1
1377    1
1378    1
1379    3
1381    1
1384    1
1388    1
1389    1
1390    1
1423    1
1460    1
1653    1
2048    1697
2062    1
2594    1
2667    1
2709    1
2713    1
2719    1
2721    1
2723    3
2724    3
2725    2
2726    4
2727    6
2728    14
2729    45
2730    286
2731    1151
2732    75
2733    23
2734    8
2735    8
2736    5
2737    4
2738    6
2741    1
2742    1
2744    2
2746    1
2747    2
2748    3
2754    1
2763    1
2768    1
2841    1
3094    1
3191    1
3359    1
3369    1
3370    1
3373    1
3393    1
3397    3
3400    1
3401    1
3403    1
3404    2
3405    3
3406    2
3407    5
3408    5
3409    8
3410    10
3411    22
3412    62
3413    1113
3414    280
3415    40
3416    18
3417    7
3418    7
3419    7
3420    2
3422    3
3423    1
3424    2
3426    1
3428    1
3429    1
3432    1
3433    1
3439    1
3442    1
3445    2
3449    1
3477    1
3503    1
3630    1
3656    1
