0.0    854
0.07958984375    1
0.080322265625    3
0.08056640625    1
0.080810546875    1
0.08154296875    2
0.081787109375    1
0.08203125    2
0.082275390625    4
0.08251953125    3
0.082763671875    10
0.0830078125    14
0.083251953125    34
0.08349609375    579
0.083740234375    144
0.083984375    30
0.084228515625    11
0.08447265625    3
0.0849609375    3
0.085205078125    1
0.08544921875    2
0.0859375    2
0.086669921875    2
0.08740234375    1
0.08837890625    1
0.088623046875    1
0.092041015625    1
0.109375    1
0.13525390625    1
0.156005859375    1
0.16015625    1
0.16357421875    1
0.163818359375    1
0.16455078125    1
0.164794921875    2
0.165283203125    1
0.165771484375    2
0.166015625    3
0.166259765625    9
0.16650390625    27
0.166748046875    146
0.1669921875    553
0.167236328125    39
0.16748046875    12
0.167724609375    6
0.168212890625    4
0.16845703125    2
0.168701171875    2
0.169189453125    1
0.170166015625    2
0.170654296875    1
0.176513671875    1
0.18310546875    1
0.25    1
0.28515625    872
0.32373046875    1
0.328125    1
0.330078125    1
0.33056640625    1
0.330810546875    1
0.331298828125    1
0.33154296875    1
0.331787109375    1
0.33203125    4
0.332275390625    1
0.33251953125    3
0.332763671875    7
0.3330078125    10
0.333251953125    39
0.33349609375    585
0.333740234375    138
0.333984375    18
0.334228515625    11
0.33447265625    5
0.334716796875    5
0.3349609375    1
0.335205078125    2
0.336181640625    1
0.33642578125    1
0.3369140625    1
0.338134765625    1
0.339111328125    1
0.341064453125    1
0.3427734375    1
0.354736328125    1
0.368896484375    1
0.37939453125    1
0.382568359375    1
0.390869140625    1
0.3974609375    1
0.40478515625    1
0.40966796875    1
0.410888671875    1
0.41259765625    1
0.41357421875    1
0.413818359375    1
0.414306640625    1
0.4150390625    1
0.415283203125    1
0.41552734375    4
0.415771484375    1
0.416015625    7
0.416259765625    8
0.41650390625    16
0.416748046875    129
0.4169921875    543
0.417236328125    45
0.41748046875    10
0.417724609375    5
0.41796875    2
0.418212890625    1
0.41845703125    1
0.4189453125    1
0.419189453125    1
0.420166015625    1
0.420654296875    1
0.42138671875    1
0.421875    1
0.438720703125    1
0.49951171875    1
0.5    1
0.555908203125    834
0.563720703125    1
0.576171875    1
0.577880859375    1
0.578125    1
0.579345703125    1
0.581298828125    1
0.58154296875    1
0.581787109375    1
0.58203125    2
0.582275390625    4
0.58251953125    2
0.582763671875    6
0.5830078125    9
0.583251953125    33
0.58349609375    564
0.583740234375    132
0.583984375    29
0.584228515625    10
0.58447265625    6
0.584716796875    3
0.5849609375    3
0.585205078125    2
0.58544921875    1
0.5859375    2
0.586669921875    1
0.587646484375    1
0.589111328125    1
0.591064453125    1
0.59765625    1
0.610107421875    1
0.659423828125    1
0.66162109375    1
0.661865234375    2
0.663818359375    1
0.664306640625    5
0.664794921875    2
0.6650390625    1
0.665283203125    2
0.66552734375    2
0.665771484375    3
0.666015625    6
0.666259765625    11
0.66650390625    19
0.666748046875    134
0.6669921875    556
0.667236328125    31
0.66748046875    15
0.667724609375    5
0.66796875    2
0.668212890625    3
0.668701171875    2
0.669189453125    3
0.66943359375    1
0.670166015625    1
0.671630859375    1
0.75    1
0.81689453125    795
0.824462890625    1
0.829345703125    1
0.830810546875    1
0.8310546875    1
0.831298828125    1
0.83154296875    1
0.831787109375    2
0.832275390625    2
0.83251953125    1
0.832763671875    3
0.8330078125    8
0.833251953125    38
0.83349609375    570
0.833740234375    153
0.833984375    20
0.834228515625    8
0.83447265625    5
0.834716796875    6
0.8349609375    3
0.835205078125    1
0.83544921875    1
0.8359375    1
0.8388671875    1
0.0546875    1
0.907470703125    1
0.911865234375    1
0.912109375    1
0.91357421875    1
0.913818359375    2
0.9140625    1
0.914794921875    2
0.9150390625    2
0.915283203125    2
0.91552734375    4
0.915771484375    6
0.916015625    9
0.916259765625    21
0.91650390625    148
0.916748046875    589
0.9169921875    35
0.917236328125    13
0.91748046875    10
0.917724609375    5
0.91796875    2
0.918212890625    1
0.9189453125    2
0.919189453125    2
0.92041015625    1
0.929443359375    1
0.952880859375    1
