0.0    168
0.165283203125    1
0.16552734375    1
0.165771484375    1
0.166015625    1
0.166259765625    5
0.16650390625    31
0.166748046875    122
0.1669921875    8
0.167236328125    3
0.16748046875    2
0.167724609375    1
0.16796875    2
0.168212890625    1
0.169189453125    1
0.16943359375    1
0.169677734375    1
0.170654296875    1
0.1708984375    1
0.18798828125    1
0.329833984375    1
0.331298828125    1
0.33154296875    1
0.332763671875    3
0.3330078125    7
0.333251953125    99
0.33349609375    18
0.333740234375    8
0.333984375    2
0.33447265625    2
0.335693359375    1
0.5    163
0.663330078125    1
0.66357421875    1
0.6640625    1
0.665283203125    1
0.66552734375    1
0.665771484375    1
0.666015625    1
0.666259765625    8
0.66650390625    27
0.666748046875    108
0.6669921875    4
0.66748046875    2
0.667724609375    1
0.668212890625    1
0.83056640625    1
0.831787109375    1
0.832275390625    1
0.832763671875    3
0.8330078125    2
0.833251953125    133
0.83349609375    31
0.833740234375    6
0.83447265625    1
0.835693359375    1
0.840087890625    1
0.84423828125    1
0.85107421875    1
