0    104
404    1
405    1
406    1
408    1
409    26
410    66
411    9
412    2
413    1
414    1
417    1
818    3
819    84
820    8
821    1
825    1
1219    1
1224    2
1227    1
1228    8
1229    95
1230    1
1231    1
1235    1
1615    1
1628    1
1629    1
1630    1
1634    1
1635    1
1636    1
1637    5
1638    55
1639    29
1640    3
1641    1
1646    1
2048    93
2452    2
2454    1
2455    2
2456    6
2457    24
2458    50
2459    4
2460    2
2465    1
2466    1
2467    2
2705    1
2848    1
2864    1
2866    4
2867    87
2868    4
2870    1
3265    1
3274    1
3276    5
3277    88
3278    2
3279    1
3280    1
3291    1
3649    1
3667    1
3676    1
3681    1
3682    2
3684    4
3685    7
3686    46
3687    23
3688    3
3689    1
3690    1
