0    517
161    1
398    2
403    1
404    1
405    1
406    1
407    4
408    20
409    129
410    292
411    23
412    10
413    3
414    2
415    1
416    1
417    2
420    1
811    1
813    3
814    2
815    2
817    3
818    11
819    422
820    21
821    6
822    2
823    2
825    2
832    1
834    1
1006    1
1206    2
1207    1
1211    1
1218    1
1222    1
1223    2
1225    1
1226    1
1227    3
1228    30
1229    399
1230    16
1231    2
1232    1
1234    1
1585    1
1625    1
1626    1
1630    1
1631    1
1632    2
1633    2
1634    2
1635    5
1636    7
1637    32
1638    261
1639    129
1640    17
1641    3
1642    3
1643    1
1644    3
1645    1
1647    1
1651    1
1681    1
1715    1
1721    1
1746    1
1855    1
2048    559
2195    1
2363    1
2408    1
2436    1
2444    1
2446    1
2447    1
2449    2
2452    2
2453    2
2454    5
2455    6
2456    18
2457    123
2458    306
2459    21
2460    8
2461    4
2462    2
2463    1
2465    2
2466    1
2472    2
2527    1
2850    1
2853    1
2857    2
2861    2
2862    1
2863    1
2864    1
2865    5
2866    15
2867    449
2868    41
2869    2
2870    3
2872    2
2873    1
2879    1
3162    1
3257    1
3264    1
3269    2
3270    1
3271    1
3273    1
3274    2
3275    5
3276    24
3277    410
3278    11
3279    4
3280    1
3284    1
3289    1
3663    1
3676    1
3678    1
3679    2
3681    3
3682    2
3683    5
3684    7
3685    33
3686    275
3687    131
3688    21
3689    9
3690    1
3691    2
3692    1
3693    1
3695    1
3696    1
3723    1
