0    0.1034
161    0.0002
398    0.0004
403    0.0002
404    0.0002
405    0.0002
406    0.0002
407    0.0008
408    0.004
409    0.0258
410    0.0584
411    0.0046
412    0.002
413    0.0006
414    0.0004
415    0.0002
416    0.0002
417    0.0004
420    0.0002
811    0.0002
813    0.0006
814    0.0004
815    0.0004
817    0.0006
818    0.0022
819    0.0844
820    0.0042
821    0.0012
822    0.0004
823    0.0004
825    0.0004
832    0.0002
834    0.0002
1006    0.0002
1206    0.0004
1207    0.0002
1211    0.0002
1218    0.0002
1222    0.0002
1223    0.0004
1225    0.0002
1226    0.0002
1227    0.0006
1228    0.006
1229    0.0798
1230    0.0032
1231    0.0004
1232    0.0002
1234    0.0002
1585    0.0002
1625    0.0002
1626    0.0002
1630    0.0002
1631    0.0002
1632    0.0004
1633    0.0004
1634    0.0004
1635    0.001
1636    0.0014
1637    0.0064
1638    0.0522
1639    0.0258
1640    0.0034
1641    0.0006
1642    0.0006
1643    0.0002
1644    0.0006
1645    0.0002
1647    0.0002
1651    0.0002
1681    0.0002
1715    0.0002
1721    0.0002
1746    0.0002
1855    0.0002
2048    0.1118
2195    0.0002
2363    0.0002
2408    0.0002
2436    0.0002
2444    0.0002
2446    0.0002
2447    0.0002
2449    0.0004
2452    0.0004
2453    0.0004
2454    0.001
2455    0.0012
2456    0.0036
2457    0.0246
2458    0.0612
2459    0.0042
2460    0.0016
2461    0.0008
2462    0.0004
2463    0.0002
2465    0.0004
2466    0.0002
2472    0.0004
2527    0.0002
2850    0.0002
2853    0.0002
2857    0.0004
2861    0.0004
2862    0.0002
2863    0.0002
2864    0.0002
2865    0.001
2866    0.003
2867    0.0898
2868    0.0082
2869    0.0004
2870    0.0006
2872    0.0004
2873    0.0002
2879    0.0002
3162    0.0002
3257    0.0002
3264    0.0002
3269    0.0004
3270    0.0002
3271    0.0002
3273    0.0002
3274    0.0004
3275    0.001
3276    0.0048
3277    0.082
3278    0.0022
3279    0.0008
3280    0.0002
3284    0.0002
3289    0.0002
3663    0.0002
3676    0.0002
3678    0.0002
3679    0.0004
3681    0.0006
3682    0.0004
3683    0.001
3684    0.0014
3685    0.0066
3686    0.055
3687    0.0262
3688    0.0042
3689    0.0018
3690    0.0002
3691    0.0004
3692    0.0002
3693    0.0002
3695    0.0002
3696    0.0002
3723    0.0002
