0    0.104
404    0.001
405    0.001
406    0.001
408    0.001
409    0.026
410    0.066
411    0.009
412    0.002
413    0.001
414    0.001
417    0.001
818    0.003
819    0.084
820    0.008
821    0.001
825    0.001
1219    0.001
1224    0.002
1227    0.001
1228    0.008
1229    0.095
1230    0.001
1231    0.001
1235    0.001
1615    0.001
1628    0.001
1629    0.001
1630    0.001
1634    0.001
1635    0.001
1636    0.001
1637    0.005
1638    0.055
1639    0.029
1640    0.003
1641    0.001
1646    0.001
2048    0.093
2452    0.002
2454    0.001
2455    0.002
2456    0.006
2457    0.024
2458    0.05
2459    0.004
2460    0.002
2465    0.001
2466    0.001
2467    0.002
2705    0.001
2848    0.001
2864    0.001
2866    0.004
2867    0.087
2868    0.004
2870    0.001
3265    0.001
3274    0.001
3276    0.005
3277    0.088
3278    0.002
3279    0.001
3280    0.001
3291    0.001
3649    0.001
3667    0.001
3676    0.001
3681    0.001
3682    0.002
3684    0.004
3685    0.007
3686    0.046
3687    0.023
3688    0.003
3689    0.001
3690    0.001
